gpi.mech.battle.14729 1409691301 0.9607714118860486 0.9607714118860488
gpi.mech.battle.14730 1409691301 1.0369443119636337 1.0369443119636337
gpi.mech.battle.14731 1409691301 1.2699251672027418 1.2699251672027418
gpi.mech.battle.14732 1409691301 1.1228657091566958 1.1228657091566958
gpi.mech.battle.14733 1409691301 1.0198664895008023 1.019866489500802
gpi.mech.battle.14734 1409691301 1.003588382448666 1.003588382448666
gpi.mech.battle.14735 1409691301 0.9515788009350705 0.9515788009350705
gpi.mech.battle.14736 1409691301 0.9556744922713559 0.955674492271356
gpi.mech.battle.14737 1409691301 1.000959178118756 1.000959178118756
gpi.mech.battle.14738 1409691301 1.1004295756452558 1.1004295756452558
gpi.mech.battle.14739 1409691301 0.9869703984036593 0.9869703984036592
gpi.mech.battle.14740 1409691301 1.0311532405076216 1.0311532405076216
gpi.mech.battle.14741 1409691301 0.9654308280601762 0.9654308280601762
gpi.mech.battle.14742 1409691301 0.9741060076860191 0.9741060076860191
gpi.mech.battle.14743 1409691301 1.0742067531770259 1.0742067531770259
gpi.mech.battle.14744 1409691301 1.0078367073671377 1.007836707367138
gpi.mech.battle.14745 1409691301 1.0712846558050386 1.0712846558050386
gpi.mech.battle.14746 1409691301 1.0627055121296858 1.0627055121296856
gpi.mech.battle.14747 1409691301 1.0151028770150101 1.0151028770150101
gpi.mech.battle.14748 1409691301 1.0126378404114071 1.0126378404114071
gpi.mech.battle.14749 1409691301 1.0006698440207973 1.0006698440207973
gpi.mech.battle.14750 1409691301 1.0037686698474166 1.0037686698474164
gpi.mech.battle.14751 1409691301 1.0320940459055585 1.0320940459055585
gpi.mech.battle.14752 1409691301 1.0342511781661787 1.0342511781661787
gpi.mech.battle.14753 1409691301 1.1418189566282755 1.1418189566282755
gpi.mech.battle.14754 1409691301 1.035043809459386 1.0350438094593857
gpi.mech.battle.14755 1409691301 0.9992932962883807 0.9992932962883807
gpi.mech.battle.14756 1409694900 0.9481745203307693 0.9481745203307692
gpi.mech.battle.14757 1409694900 1.2123569905536156 1.2123569905536158
gpi.mech.battle.14758 1409694900 1.041775850214346 1.041775850214346
gpi.mech.battle.14759 1409694900 1.0140388512383143 1.0140388512383143
gpi.mech.battle.14760 1409694900 1.0297092333169862 1.0297092333169864
gpi.mech.battle.14761 1409694900 1.0150838559895459 1.0150838559895459
gpi.mech.battle.14762 1409694900 0.9848185342556015 0.9848185342556015
gpi.mech.battle.14763 1409694900 1.028928829974842 1.028928829974842
gpi.mech.battle.14764 1409694900 1.0617140531704614 1.0617140531704614
gpi.mech.battle.14765 1409694900 1.00324351289206 1.00324351289206
gpi.mech.battle.14766 1409694900 1.006737564109948 1.006737564109948
gpi.mech.battle.14767 1409694900 1.0011214636009287 1.0011214636009287
gpi.mech.battle.14768 1409694900 1.0262910996506625 1.0262910996506625
gpi.mech.battle.14769 1409694900 0.9939120408266622 0.9939120408266622
gpi.mech.battle.14770 1409694900 0.9989414389769306 0.9989414389769304
gpi.mech.battle.14771 1409694900 1.0140833074568603 1.0140833074568603
gpi.mech.battle.14772 1409694900 0.9698845743216475 1.1937040914727968
gpi.mech.battle.14773 1409698500 0.9850985525039455 0.9850985525039454
gpi.mech.battle.14774 1409698500 0.8837778397081442 0.883777839708144
gpi.mech.battle.14775 1409698500 1.0052241272655478 1.0052241272655476
gpi.mech.battle.14776 1409698500 0.9411489088540961 0.941148908854096
gpi.mech.battle.14777 1409698500 0.9995080495480017 0.9995080495480015
gpi.mech.battle.14778 1409698500 0.9872702732034956 0.9872702732034956
gpi.mech.battle.14779 1409698500 1.0004725179891092 1.0004725179891092
gpi.mech.battle.14780 1409698500 1.0110488449490995 1.0110488449490995
gpi.mech.battle.14781 1409698500 1.015269516809296 1.015269516809296
gpi.mech.battle.14782 1409698500 0.9893289235413282 0.9893289235413283
gpi.mech.battle.14783 1409702100 1.0130923698118182 1.0130923698118184
gpi.mech.battle.14784 1409702100 1.0082791459393834 1.0082791459393834
gpi.mech.battle.14785 1409702100 3.5365115275819345 3.5365115275819345
gpi.mech.battle.14786 1409702100 1.0125438104653766 1.0125438104653768
gpi.mech.battle.14787 1409702100 0.988605048155878 0.9886050481558781
gpi.mech.battle.14788 1409702100 1.0068611649517407 1.0068611649517407
gpi.mech.battle.14789 1409702100 1.0034221367599399 1.0034221367599399
gpi.mech.battle.14790 1409702100 0.9938223463558374 1.192586815627005
gpi.mech.battle.14791 1409705700 0.9959693726180695 0.9959693726180695
gpi.mech.battle.14792 1409705700 1.0329303366185332 1.0329303366185332
gpi.mech.battle.14793 1409705700 1.0234052830413196 1.0234052830413194
gpi.mech.battle.14794 1409705700 0.980211051429312 0.9802110514293119
gpi.mech.battle.14795 1409705700 1.0081179474840476 1.0081179474840476
gpi.mech.battle.14796 1409705700 1.0011509662308167 1.001150966230817
gpi.mech.battle.14797 1409705700 0.9886213182948417 1.1683706488939039
gpi.mech.battle.14798 1409709300 1.0098940880581926 1.0098940880581926
gpi.mech.battle.14799 1409709300 0.9882853620198203 0.9882853620198202
gpi.mech.battle.14800 1409709300 0.9487599526038406 0.9487599526038405
gpi.mech.battle.14801 1409709300 0.9882326887328328 0.9882326887328328
gpi.mech.battle.14802 1409709300 0.9805619494996642 0.9805619494996641
gpi.mech.battle.14803 1409709300 1.011975237927388 1.011975237927388
gpi.mech.battle.14804 1409709300 1.0397711082953918 1.0397711082953918
gpi.mech.battle.14805 1409709300 1.029682257973827 1.029682257973827
gpi.mech.battle.14806 1409709300 1.0046592331801263 1.004659233180126
gpi.mech.battle.14807 1409712900 1.0373311428683532 1.0373311428683532
gpi.mech.battle.14808 1409712900 0.9675136283005688 0.9675136283005688
gpi.mech.battle.14809 1409712900 0.9911498580595219 0.9911498580595219
gpi.mech.battle.14810 1409712900 1.0451705960447273 1.0451705960447273
gpi.mech.battle.14811 1409712900 0.9898737915538527 0.9898737915538527
gpi.mech.battle.14812 1409712900 0.9633139893439556 0.9633139893439556
gpi.mech.battle.14813 1409712900 0.9544684457325011 0.954468445732501
gpi.mech.battle.14814 1409712900 1.016334676662907 1.016334676662907
gpi.mech.battle.14815 1409712900 1.0049945516946117 1.0049945516946117
gpi.mech.battle.14816 1409712900 1.0002530074875833 1.0002530074875833
gpi.mech.battle.14817 1409712900 1.0014419373239478 1.0014419373239478
gpi.mech.battle.14818 1409712900 0.9914800633168784 0.9914800633168785
gpi.mech.battle.14819 1409712900 0.9768709527172198 0.9768709527172198
gpi.mech.battle.14820 1409712900 1.00059180050201 1.00059180050201
gpi.mech.battle.14821 1409716501 0.9454471904094099 0.9454471904094099
gpi.mech.battle.14822 1409716501 1.089414155282026 1.089414155282026
gpi.mech.battle.14823 1409716501 1.2306949767434483 1.2306949767434483
gpi.mech.battle.14824 1409716501 1.021155102454859 1.0211551024548589
gpi.mech.battle.14825 1409716501 0.9883619432338143 0.9883619432338143
gpi.mech.battle.14826 1409716501 1.0171031842365346 1.0171031842365346
gpi.mech.battle.14827 1409716501 1.0336259962718963 1.033625996271896
gpi.mech.battle.14828 1409716501 1.0570713347966818 1.0570713347966818
gpi.mech.battle.14829 1409716501 1.1262875197472353 1.1262875197472353
gpi.mech.battle.14830 1409716501 1.0179807458774692 1.0179807458774692
gpi.mech.battle.14831 1409716501 0.892283589232248 0.892283589232248
gpi.mech.battle.14832 1409716501 1.0160985913159877 1.0160985913159877
gpi.mech.battle.14833 1409716501 0.9892259564075692 0.989225956407569
gpi.mech.battle.14834 1409716501 1.0002851551361127 1.0002851551361127
gpi.mech.battle.14835 1409716501 1.04523791485824 1.04523791485824
gpi.mech.battle.14836 1409716501 0.9480137534881111 0.9480137534881111
gpi.mech.battle.14837 1409716501 1.0025558525247023 1.002555852524702
gpi.mech.battle.14838 1409716501 1.0017012774552156 1.0017012774552154
gpi.mech.battle.14839 1409716501 1.0016516427665016 1.0016516427665016
gpi.mech.battle.14840 1409716501 1.007230522098553 1.0072305220985531
gpi.mech.battle.14841 1409716501 1.0353672966896135 1.0353672966896137
gpi.mech.battle.14842 1409716501 0.9980658788799064 0.9980658788799064
gpi.mech.battle.14843 1409716501 0.9605925551686184 1.029206309109234
gpi.mech.battle.14844 1409720101 1.0806582614483755 1.0806582614483755
gpi.mech.battle.14845 1409720101 0.8678396056950658 0.8678396056950659
gpi.mech.battle.14846 1409720101 0.9870340542758472 0.9870340542758473
gpi.mech.battle.14847 1409720101 1.1538019848475864 1.1538019848475864
gpi.mech.battle.14848 1409720101 0.9983122434645724 0.9983122434645724
gpi.mech.battle.14849 1409720101 1.0186672616692247 1.0186672616692247
gpi.mech.battle.14850 1409720101 1.011968606051261 1.0119686060512612
gpi.mech.battle.14851 1409720101 1.086859783116914 1.086859783116914
gpi.mech.battle.14852 1409720101 1.0415111291305412 1.041511129130541
gpi.mech.battle.14853 1409720101 1.0324361657663177 1.0324361657663177
gpi.mech.battle.14854 1409720101 1.0569535929465974 1.0569535929465974
gpi.mech.battle.14855 1409720101 1.0593187929891372 1.0593187929891372
gpi.mech.battle.14856 1409720101 0.9844315534931101 0.9844315534931101
gpi.mech.battle.14857 1409720101 0.9879461831612393 0.9879461831612395
gpi.mech.battle.14858 1409720101 1.0799709544283655 1.0799709544283653
gpi.mech.battle.14859 1409720101 0.9774073605967636 0.9774073605967636
gpi.mech.battle.14860 1409720101 0.985549855402412 0.985549855402412
gpi.mech.battle.14861 1409720101 0.9900709890791853 0.9900709890791853
gpi.mech.battle.14862 1409720101 1.0173342045710614 1.0173342045710614
gpi.mech.battle.14863 1409720101 0.9862550964802279 0.9862550964802279
gpi.mech.battle.14864 1409720101 1.014296310092829 1.014296310092829
gpi.mech.battle.14865 1409720101 0.9726068275234415 0.9726068275234416
gpi.mech.battle.14866 1409720101 0.987701128877122 0.9877011288771221
gpi.mech.battle.14867 1409720101 0.9838341196168042 0.9838341196168044
gpi.mech.battle.14868 1409720101 1.077182346986302 1.077182346986302
gpi.mech.battle.14869 1409720101 0.9734387440938063 0.9734387440938063
gpi.mech.battle.14870 1409720101 0.9979766419522611 0.9979766419522611
gpi.mech.battle.14871 1409720101 1.069815986276034 1.0698159862760341
gpi.mech.battle.14872 1409720101 1.0037761537924454 1.0037761537924454
gpi.mech.battle.14873 1409720101 0.9970919049450947 0.9970919049450948
gpi.mech.battle.14874 1409720101 0.9936567128500808 0.9936567128500808
gpi.mech.battle.14875 1409720101 1.0045348199069928 1.004534819906993
gpi.mech.battle.14876 1409723701 0.9868418335035346 0.9868418335035346
gpi.mech.battle.14877 1409723701 1.0229016669647444 1.0229016669647442
gpi.mech.battle.14878 1409723701 1.1530851011846566 1.1530851011846566
gpi.mech.battle.14879 1409723701 1.2154143265759627 1.2154143265759627
gpi.mech.battle.14880 1409723701 0.9285105557777876 0.9285105557777877
gpi.mech.battle.14881 1409723701 0.7801905356544258 0.7801905356544258
gpi.mech.battle.14882 1409723701 1.0193145600272933 1.0193145600272933
gpi.mech.battle.14883 1409723701 1.139102623724845 1.1391026237248452
gpi.mech.battle.14884 1409723701 1.000423088741719 1.000423088741719
gpi.mech.battle.14885 1409723701 0.9448781906634748 0.9448781906634748
gpi.mech.battle.14886 1409723701 0.953045589856714 0.9530455898567141
gpi.mech.battle.14887 1409723701 1.0651562635653362 1.0651562635653362
gpi.mech.battle.14888 1409723701 1.0347326582132426 1.0347326582132426
gpi.mech.battle.14889 1409723701 1.0388321121042774 1.0388321121042774
gpi.mech.battle.14890 1409723701 0.9980992481582719 0.9980992481582719
gpi.mech.battle.14891 1409723701 0.8981111086795325 0.8981111086795326
gpi.mech.battle.14892 1409723701 1.0508988099849745 1.0508988099849745
gpi.mech.battle.14893 1409723701 0.9767496656789175 0.9767496656789175
gpi.mech.battle.14894 1409723701 0.9776520273256766 0.9776520273256766
gpi.mech.battle.14895 1409723701 1.0354869443321588 1.0354869443321588
gpi.mech.battle.14896 1409723701 1.0017288215539324 1.0017288215539324
gpi.mech.battle.14897 1409723701 0.9345100773548775 0.9345100773548776
gpi.mech.battle.14898 1409723701 1.0250635695622632 1.0250635695622632
gpi.mech.battle.14899 1409723701 0.970307612843984 0.970307612843984
gpi.mech.battle.14900 1409723701 1.0410889247960262 1.0410889247960262
gpi.mech.battle.14901 1409723701 1.0026421824426976 1.0026421824426974
gpi.mech.battle.14902 1409723701 1.0654859876018383 1.0654859876018383
gpi.mech.battle.14903 1409723701 1.0408200634691533 1.0408200634691533
gpi.mech.battle.14904 1409723701 0.9988865609792472 0.9988865609792472
gpi.mech.battle.14905 1409723701 1.0020122879637634 1.0020122879637636
gpi.mech.battle.14906 1409723701 0.9883563034594787 0.9883563034594787
gpi.mech.battle.14907 1409723701 1.0914842051749527 1.0914842051749525
gpi.mech.battle.14908 1409723701 0.9824066447850975 0.9824066447850975
gpi.mech.battle.14909 1409723701 1.027780681166719 0.9810633774773226
gpi.mech.battle.14910 1409727302 0.9001073667245549 0.9001073667245548
gpi.mech.battle.14911 1409727302 1.0481124261527197 1.0481124261527197
gpi.mech.battle.14912 1409727302 1.1030759396191576 1.1030759396191576
gpi.mech.battle.14913 1409727302 0.8857027522861288 0.8857027522861287
gpi.mech.battle.14914 1409727302 0.9286112858452158 0.9286112858452158
gpi.mech.battle.14915 1409727302 1.2976248785506688 1.2976248785506688
gpi.mech.battle.14916 1409727302 1.0399922496734715 1.0399922496734715
gpi.mech.battle.14917 1409727302 0.9251985698835102 0.9251985698835102
gpi.mech.battle.14918 1409727302 1.0553803810367197 1.05538038103672
gpi.mech.battle.14919 1409727302 0.9621168228608555 0.9621168228608555
gpi.mech.battle.14920 1409727302 0.9595323223512451 0.9595323223512452
gpi.mech.battle.14921 1409727302 0.9784096655212794 0.9784096655212794
gpi.mech.battle.14922 1409727302 1.0124057655515117 1.0124057655515117
gpi.mech.battle.14923 1409727302 1.002019863867543 1.0020198638675428
gpi.mech.battle.14924 1409727302 1.0755471452738863 1.0755471452738865
gpi.mech.battle.14925 1409727302 1.0077052740132624 1.0077052740132622
gpi.mech.battle.14926 1409727302 1.0338500909765158 1.0338500909765156
gpi.mech.battle.14927 1409727302 0.9804832558991524 0.9804832558991524
gpi.mech.battle.14928 1409727302 1.0279236654890052 1.027923665489005
gpi.mech.battle.14929 1409727302 1.0194678377971182 1.0194678377971182
gpi.mech.battle.14930 1409727302 1.0385240733800198 1.0385240733800198
gpi.mech.battle.14931 1409727302 0.9774554077671198 0.9774554077671198
gpi.mech.battle.14932 1409727302 0.997548067085528 0.9975480670855281
gpi.mech.battle.14933 1409727302 1.0286136625478013 1.0286136625478013
gpi.mech.battle.14934 1409727302 1.0112664894979508 1.0112664894979508
gpi.mech.battle.14935 1409727302 1.0723900447923196 1.0723900447923196
gpi.mech.battle.14936 1409727302 1.0369038341457275 1.0369038341457275
gpi.mech.battle.14937 1409727302 1.0020616114086427 1.0020616114086427
gpi.mech.battle.14938 1409727302 1.0330670489855347 1.0330670489855347
gpi.mech.battle.14939 1409727302 0.9790851268805011 0.9790851268805012
gpi.mech.battle.14940 1409727302 1.0638820230783497 1.0638820230783497
gpi.mech.battle.14941 1409727302 1.052857021284643 1.0528570212846429
gpi.mech.battle.14942 1409727302 1.0016464947537973 1.001646494753797
gpi.mech.battle.14943 1409727302 1.002253345631665 1.002253345631665
gpi.mech.battle.14944 1409727302 0.983281664334475 0.9832816643344751
gpi.mech.battle.14945 1409727302 1.0009139104211229 1.0009139104211229
gpi.mech.battle.14946 1409727302 0.9826754148140115 1.1464546506163469
